name,home
Ron, Blastiod
Ash, Catchem
dog,canine
foo,bar
